<?xml version="1.0"?>
<opencv_storage>
<descriptor type_id="opencv-matrix">
  <rows>500</rows>
  <cols>32</cols>
  <dt>u</dt>
  <data>
    10 180 255 113 43 253 177 19 191 125 183 245 158 158 70 123 239 159
    255 17 191 252 115 208 207 91 90 211 239 68 71 127 75 120 190 117 35
    220 61 23 177 202 70 5 188 191 23 254 166 127 253 12 197 220 179 192
    71 251 116 130 106 244 15 127 254 243 58 96 251 87 223 221 19 237
    181 173 26 221 78 144 156 157 213 119 222 99 184 150 123 221 37 255
    75 142 206 211 192 89 188 117 44 77 213 23 238 254 182 12 183 23 67
    107 132 116 125 72 200 109 243 32 199 251 119 16 64 120 69 123 188
    179 72 67 211 91 67 121 112 228 229 12 83 3 74 149 56 136 196 250
    121 190 253 30 255 193 37 101 107 130 206 240 126 116 250 246 233
    118 94 254 59 238 222 169 110 255 119 250 247 255 253 167 172 87 186
    234 155 127 223 191 135 247 46 95 124 248 159 254 13 197 83 204 143
    153 160 8 246 249 105 106 201 80 233 83 10 99 218 177 217 211 71 127
    144 59 116 42 25 216 127 247 54 143 127 244 126 232 119 66 255 247
    177 96 119 127 63 110 129 145 61 253 230 239 103 128 52 250 97 169
    137 247 45 31 56 223 191 188 174 216 20 237 252 212 135 165 150 121
    221 103 227 193 111 61 233 89 47 188 30 182 7 249 47 175 253 243 190
    11 223 185 95 241 21 246 223 109 221 43 31 79 55 63 243 248 111 253
    206 223 253 244 255 239 209 241 25 4 159 253 60 47 105 58 54 170 94
    80 215 115 128 99 81 68 60 40 41 216 113 31 204 239 243 68 40 232 17
    160 105 179 45 175 61 85 145 121 134 125 213 237 219 221 186 231 92
    132 255 237 223 3 251 145 199 113 171 188 30 14 148 115 15 240 233
    129 254 91 191 153 90 247 29 238 221 108 223 42 31 77 127 63 147 112
    237 18 108 15 45 244 197 255 151 241 6 143 47 191 188 227 191 230
    142 140 218 131 244 238 51 65 201 115 59 195 98 137 75 255 237 55
    239 193 20 106 53 202 26 159 130 255 190 163 79 254 23 15 216 247
    239 239 168 64 255 251 23 197 58 155 75 191 184 231 191 138 189 121
    177 185 86 149 91 172 178 66 127 248 41 192 250 162 95 119 0 80 254
    223 125 226 121 155 145 207 241 229 47 132 32 179 167 115 88 249 25
    227 50 76 91 144 42 232 191 104 191 23 72 48 182 221 93 98 75 16 249
    31 243 205 35 180 96 131 7 59 58 185 119 250 107 245 127 254 191 91
    252 14 44 255 110 180 239 251 247 194 147 107 186 245 91 223 81 235
    91 205 230 255 35 255 119 91 236 189 252 255 255 123 120 236 168 238
    254 180 175 107 215 4 199 123 42 247 62 94 119 234 95 220 203 221 25
    157 127 101 116 126 255 48 125 234 126 98 127 125 144 49 190 95 23
    106 241 184 49 239 103 239 33 128 111 235 99 179 232 168 61 84 125
    253 81 51 249 43 167 24 186 61 4 55 137 182 104 8 57 110 240 135 79
    255 80 114 194 136 70 106 136 252 191 118 161 204 117 247 253 91 102
    28 190 191 0 59 165 114 125 8 115 237 50 45 227 251 116 1 74 80 199
    251 44 245 120 104 112 79 87 248 118 12 125 8 119 119 10 48 148 218
    86 106 195 178 121 63 255 205 37 116 98 178 198 243 126 188 55 250
    249 245 89 254 179 121 188 95 60 255 106 55 239 251 255 145 251 75
    186 245 251 219 223 250 186 132 166 251 91 90 239 252 11 214 89 92
    55 206 214 231 121 223 163 125 116 253 253 212 205 207 247 249 211
    251 250 139 59 148 36 127 45 187 254 73 60 223 179 216 206 253 191
    172 220 220 254 32 159 60 254 61 135 241 125 209 79 29 39 183 214
    206 77 245 71 186 185 30 58 221 187 152 174 221 21 236 188 214 194
    54 7 115 255 13 135 72 239 115 204 21 47 190 156 135 3 117 250 180
    255 112 175 253 213 31 171 255 190 125 170 252 215 59 175 183 253 17
    191 111 242 194 219 219 117 255 203 76 199 127 86 136 158 159 28 78
    190 232 158 182 147 3 230 250 109 66 249 245 111 227 14 195 219 253
    157 182 207 23 144 42 53 2 213 134 239 253 172 34 237 255 86 243 214
    246 209 227 177 107 127 230 126 172 185 251 239 207 252 239 231 156
    189 248 240 160 231 180 180 211 235 189 184 223 187 251 53 127 204
    255 76 190 183 95 255 17 179 111 250 211 31 30 95 254 206 68 131 215
    207 222 255 254 236 34 255 252 185 218 183 246 253 255 189 123 255
    231 127 239 241 103 170 255 250 251 255 222 29 241 225 113 187 182
    237 253 61 215 217 115 151 251 214 247 187 125 151 47 223 57 223 141
    255 220 97 159 207 223 187 147 143 236 52 255 195 251 45 30 40 221
    191 153 174 92 21 236 252 214 202 38 135 115 253 71 199 65 190 113
    164 16 43 186 28 22 15 117 123 178 251 92 123 93 249 123 127 95 118
    127 58 189 150 53 255 153 247 45 167 122 243 223 95 255 113 238 199
    172 102 255 106 188 122 222 244 141 127 243 187 142 116 41 108 255
    118 16 255 255 167 18 114 255 170 239 127 255 55 235 210 225 231 235
    72 50 106 189 75 220 121 114 181 206 118 165 189 151 226 221 102 188
    255 148 133 218 163 200 223 227 250 137 163 164 47 251 86 80 146 150
    83 198 190 200 191 128 219 131 204 255 41 64 247 253 191 227 68 211
    155 239 183 118 143 131 6 55 165 3 72 122 59 190 56 204 51 80 172 12
    199 32 255 215 32 82 134 49 109 66 67 129 178 13 209 241 42 8 0 2 39
    123 73 146 44 189 45 93 217 121 150 93 150 231 255 212 186 224 220
    128 255 165 143 75 115 149 212 99 251 220 26 12 60 121 255 150 252
    249 59 214 89 123 159 250 246 245 30 255 215 126 215 157 253 181 191
    207 225 214 219 255 169 214 159 228 36 119 207 206 253 254 236 36
    223 186 187 211 188 222 255 107 149 123 255 211 127 239 169 103 239
    255 254 255 239 252 213 251 97 33 251 182 253 125 43 116 89 27 187
    255 182 245 24 191 199 127 231 151 253 128 189 77 243 195 223 251
    243 183 171 228 110 127 62 57 228 5 19 118 83 88 115 228 230 143 75
    44 23 148 120 236 229 228 140 211 253 156 115 107 129 19 227 38 110
    118 11 176 253 253 44 31 217 57 31 250 84 237 253 125 223 47 159 29
    253 45 229 244 247 217 198 219 249 178 31 172 83 249 127 19 163 76 9
    126 82 24 35 236 159 45 74 252 207 254 212 212 253 102 141 67 251
    128 211 253 65 159 170 119 28 119 58 189 232 36 19 127 82 115 81 236
    174 47 75 60 22 181 61 254 196 160 188 251 125 30 251 111 133 147 99
    108 94 86 122 18 173 253 45 95 89 31 87 123 214 123 122 156 190 105
    220 149 191 145 143 222 99 145 215 123 248 147 183 12 212 127 175
    142 226 158 223 179 190 236 223 206 220 247 104 232 191 196 127 235
    191 167 244 227 78 255 62 126 207 139 191 255 248 213 237 81 210 84
    205 28 100 49 249 186 38 92 74 176 213 255 160 196 224 106 229 99
    146 192 22 122 85 42 75 116 202 5 6 220 150 159 237 215 190 236 159
    191 210 35 236 254 47 207 255 127 187 227 118 219 91 255 189 54 223
    199 150 127 189 215 79 177 125 65 50 31 123 24 111 252 55 236 223 94
    223 112 54 157 255 126 133 144 125 204 206 89 33 212 110 167 3 117
    123 56 191 252 122 166 153 122 123 233 246 126 124 191 180 56 255
    255 119 149 185 235 179 206 91 127 255 202 205 224 35 249 57 247 120
    99 121 31 91 248 113 108 253 12 95 91 10 177 156 220 212 110 204 50
    249 61 247 223 33 117 98 155 74 195 125 247 184 102 57 31 90 24 115
    236 173 13 223 91 74 176 150 205 204 126 254 118 249 62 255 253 37
    125 98 167 206 67 201 188 157 124 57 172 120 151 191 91 190 93 191
    191 64 82 135 119 124 4 179 109 146 51 243 255 48 58 202 64 131 27
    111 145 45 168 56 95 155 121 142 252 151 173 223 92 187 99 222 21
    255 127 205 3 127 156 217 49 235 220 20 174 21 113 15 113 251 199 50
    94 123 24 109 232 87 164 221 31 159 244 54 93 255 254 129 208 189
    200 199 249 235 128 38 167 5 245 24 48 126 65 71 255 241 83 237 253
    246 55 139 28 198 47 42 28 206 48 149 248 117 196 79 217 114 231 235
    140 71 215 26 56 111 81 83 253 185 83 239 125 118 183 139 159 70 124
    46 189 247 144 151 184 182 209 95 249 18 231 239 132 101 247 43 120
    250 76 106 93 187 120 109 204 252 172 124 222 183 180 126 185 247
    237 197 179 182 201 87 61 107 170 71 166 47 253 187 178 37 169 13
    215 81 113 133 124 215 101 203 29 154 229 204 132 255 165 205 131
    119 149 215 241 234 215 58 140 124 119 42 237 112 223 253 223 254
