<?xml version="1.0"?>
<opencv_storage>
<descriptors type_id="opencv-matrix">
  <rows>191</rows>
  <cols>128</cols>
  <dt>f</dt>
  <data>
    9. 0. 0. 0. 0. 0. 0. 1. 168. 5. 0. 0. 0. 0. 0. 67. 128. 11. 4. 38.
    39. 3. 0. 36. 2. 2. 13. 61. 34. 0. 0. 0. 23. 1. 0. 0. 0. 0. 0. 2.
    168. 51. 10. 3. 1. 0. 0. 39. 108. 28. 45. 118. 36. 0. 0. 11. 6. 7.
    33. 60. 26. 2. 0. 1. 12. 8. 0. 0. 0. 0. 0. 0. 130. 168. 104. 3. 0.
    0. 0. 2. 16. 70. 168. 77. 5. 0. 0. 0. 0. 39. 168. 15. 1. 0. 0. 0. 0.
    1. 0. 0. 0. 0. 0. 0. 0. 17. 23. 0. 0. 0. 0. 0. 0. 7. 72. 1. 0. 0. 0.
    0. 0. 10. 66. 0. 0. 0. 0. 0. 31. 4. 0. 0. 0. 0. 0. 0. 179. 70. 0. 0.
    3. 1. 0. 11. 83. 24. 2. 12. 42. 18. 2. 9. 38. 34. 4. 5. 6. 9. 4. 10.
    32. 1. 0. 0. 0. 0. 0. 3. 179. 23. 2. 1. 4. 4. 2. 91. 102. 14. 5. 19.
    108. 39. 4. 41. 78. 29. 5. 4. 17. 4. 2. 15. 24. 5. 0. 0. 0. 0. 0. 0.
    179. 144. 14. 3. 2. 1. 1. 17. 79. 60. 41. 45. 52. 13. 15. 24. 59.
    17. 7. 6. 15. 8. 5. 22. 13. 1. 0. 0. 0. 0. 0. 1. 179. 22. 1. 1. 1.
    0. 2. 77. 89. 8. 5. 54. 35. 14. 27. 67. 10. 40. 38. 32. 14. 7. 6. 5.
    40. 4. 0. 0. 0. 0. 0. 0. 188. 66. 0. 0. 0. 0. 0. 7. 131. 65. 13. 2.
    1. 4. 26. 18. 7. 13. 43. 8. 4. 4. 34. 21. 48. 1. 0. 0. 0. 0. 0. 1.
    188. 15. 0. 0. 0. 0. 1. 46. 128. 37. 35. 11. 10. 14. 4. 30. 6. 19.
    104. 26. 5. 8. 2. 3. 40. 2. 0. 0. 0. 0. 0. 1. 188. 34. 0. 0. 0. 0.
    1. 26. 135. 15. 1. 6. 18. 37. 4. 18. 11. 1. 2. 5. 9. 38. 15. 34. 30.
    0. 0. 0. 0. 0. 0. 1. 188. 9. 0. 0. 1. 0. 1. 48. 94. 4. 1. 7. 39. 9.
    2. 28. 80. 4. 1. 4. 8. 4. 9. 59. 26. 0. 0. 0. 0. 0. 0. 4. 174. 9. 2.
    0. 0. 0. 1. 86. 58. 12. 7. 9. 8. 26. 39. 120. 19. 4. 5. 4. 15. 56.
    37. 45. 57. 0. 0. 0. 0. 0. 0. 3. 174. 11. 1. 0. 0. 2. 8. 106. 89.
    14. 15. 23. 32. 32. 24. 93. 4. 4. 16. 57. 70. 21. 4. 4. 67. 0. 0. 0.
    0. 0. 0. 6. 174. 87. 24. 3. 0. 1. 1. 21. 58. 56. 145. 63. 22. 10. 3.
    5. 1. 10. 45. 51. 33. 7. 4. 1. 65. 0. 0. 0. 0. 0. 0. 10. 174. 14. 6.
    0. 0. 0. 3. 58. 14. 11. 36. 4. 1. 9. 14. 11. 2. 9. 19. 3. 1. 4. 1.
    2. 3. 0. 0. 0. 0. 0. 0. 5. 10. 0. 0. 0. 0. 0. 42. 52. 0. 0. 0. 0. 0.
    0. 147. 47. 0. 0. 0. 0. 0. 3. 147. 25. 25. 0. 0. 0. 0. 0. 0. 4. 147.
    2. 0. 0. 0. 0. 38. 147. 30. 6. 16. 9. 3. 1. 147. 147. 4. 11. 50. 6.
    2. 38. 147. 30. 24. 2. 0. 0. 0. 0. 0. 0. 147. 52. 1. 1. 2. 0. 2. 25.
    94. 18. 22. 41. 53. 15. 8. 22. 13. 25. 72. 18. 12. 8. 5. 19. 8. 1.
    0. 0. 0. 0. 0. 0. 147. 50. 0. 1. 1. 1. 1. 3. 118. 23. 2. 13. 73. 22.
    4. 8. 27. 9. 0. 2. 19. 12. 7. 44. 8. 0. 1. 16. 51. 39. 5. 4. 111. 4.
    0. 0. 2. 7. 7. 24. 42. 4. 0. 0. 0. 7. 27. 37. 65. 9. 5. 17. 10. 11.
    17. 50. 4. 1. 1. 7. 8. 46. 93. 15. 60. 32. 0. 1. 6. 57. 51. 14. 100.
    38. 0. 1. 3. 3. 4. 34. 25. 11. 13. 44. 29. 4. 4. 17. 9. 70. 140. 12.
    4. 15. 33. 16. 10. 24. 140. 43. 30. 55. 21. 5. 73. 99. 124. 6. 6. 4.
    2. 10. 10. 59. 68. 16. 20. 10. 20. 9. 0. 42. 140. 1. 0. 0. 0. 0. 0.
    39. 140. 6. 0. 0. 0. 0. 0. 89. 140. 1. 0. 0. 0. 0. 2. 107. 140. 2.
    0. 0. 1. 1. 9. 2. 0. 0. 3. 18. 117. 117. 31. 22. 43. 18. 6. 8. 106.
    117. 22. 14. 24. 25. 8. 15. 99. 31. 8. 5. 2. 5. 43. 61. 32. 9. 52.
    2. 2. 7. 79. 117. 58. 57. 17. 27. 53. 30. 85. 58. 3. 5. 117. 45. 25.
    10. 7. 12. 9. 39. 13. 2. 2. 19. 62. 37. 9. 12. 56. 31. 100. 117. 69.
    27. 2. 12. 19. 9. 13. 38. 76. 73. 12. 10. 117. 58. 29. 10. 12. 27.
    14. 46. 22. 18. 41. 40. 110. 46. 7. 9. 30. 26. 72. 21. 0. 0. 0. 4.
    20. 23. 39. 34. 3. 5. 2. 1. 11. 34. 78. 40. 4. 4. 3. 1. 5. 26. 97.
    21. 9. 3. 4. 7. 18. 11. 3. 4. 26. 49. 70. 29. 51. 7. 3. 9. 8. 5. 21.
    64. 56. 15. 21. 23. 10. 23. 42. 119. 10. 4. 28. 68. 25. 59. 34. 20.
    26. 13. 20. 133. 110. 39. 25. 12. 133. 24. 5. 13. 10. 5. 25. 77. 24.
    13. 35. 99. 83. 12. 21. 25. 6. 2. 44. 133. 31. 3. 6. 46. 23. 19. 28.
    54. 7. 0. 8. 42. 100. 55. 59. 48. 7. 2. 3. 32. 24. 10. 53. 124. 56.
    7. 14. 25. 22. 3. 28. 56. 22. 7. 46. 120. 18. 19. 20. 2. 0. 0. 1.
    11. 31. 34. 19. 11. 6. 7. 10. 13. 37. 6. 21. 67. 17. 9. 32. 93. 8.
    1. 37. 133. 41. 0. 7. 25. 20. 2. 5. 5. 11. 32. 25. 11. 4. 1. 1. 1.
    10. 24. 40. 42. 72. 26. 1. 3. 36. 28. 13. 22. 111. 110. 42. 60. 12.
    3. 11. 57. 55. 26. 8. 20. 83. 51. 11. 13. 111. 25. 6. 5. 9. 40. 41.
    60. 21. 19. 2. 5. 39. 111. 73. 13. 21. 70. 48. 43. 28. 34. 19. 3.
    111. 48. 4. 19. 80. 40. 4. 10. 95. 111. 13. 14. 20. 12. 5. 15. 30.
    47. 15. 28. 68. 70. 23. 15. 8. 10. 3. 13. 59. 67. 15. 3. 111. 14. 5.
    13. 111. 66. 5. 42. 111. 51. 5. 7. 53. 21. 0. 10. 98. 31. 35. 30.
    37. 34. 17. 31. 38. 25. 13. 43. 90. 38. 5. 2. 116. 3. 3. 37. 34. 6.
    6. 116. 11. 9. 15. 38. 38. 32. 14. 22. 2. 1. 1. 7. 21. 30. 56. 8. 8.
    1. 2. 10. 10. 5. 21. 45. 86. 4. 10. 72. 57. 8. 5. 89. 74. 10. 8. 16.
    32. 22. 28. 116. 13. 2. 1. 20. 114. 93. 39. 36. 116. 23. 8. 18. 24.
    16. 12. 108. 45. 12. 14. 94. 76. 3. 6. 38. 116. 33. 11. 12. 9. 9.
    11. 77. 15. 10. 13. 74. 108. 63. 6. 8. 58. 49. 41. 29. 36. 26. 5. 9.
    47. 6. 5. 28. 20. 2. 9. 99. 49. 31. 32. 27. 34. 19. 21. 102. 16. 5.
    12. 78. 97. 24. 7. 12. 9. 5. 8. 14. 46. 32. 4. 5. 26. 87. 80. 35. 8.
    1. 5. 19. 1. 7. 40. 74. 77. 29. 13. 5. 10. 15. 32. 7. 21. 27. 95.
    82. 41. 33. 22. 13. 3. 7. 47. 84. 10. 75. 66. 4. 3. 3. 14. 24. 10.
    16. 110. 63. 37. 11. 11. 4. 101. 56. 110. 17. 4. 5. 21. 70. 18. 45.
    50. 32. 31. 45. 32. 29. 42. 39. 21. 11. 26. 9. 25. 69. 24. 7. 12.
    31. 110. 45. 16. 9. 110. 105. 89. 15. 13. 9. 10. 38. 13. 30. 110.
    104. 34. 27. 28. 18. 24. 77. 26. 6. 4. 1. 0. 1. 2. 15. 19. 21. 58.
    26. 3. 1. 48. 16. 24. 2. 15. 18. 20. 26. 86. 20. 22. 9. 1. 39. 110.
    74. 39. 70. 44. 17. 3. 0. 3. 11. 16. 12. 19. 29. 33. 47. 51. 19. 13.
    1. 0. 3. 121. 67. 14. 8. 124. 54. 15. 16. 17. 5. 5. 33. 52. 92. 19.
    4. 18. 6. 14. 20. 124. 69. 12. 5. 11. 75. 40. 42. 14. 3. 4. 29. 92.
    124. 80. 17. 15. 19. 13. 24. 35. 39. 51. 21. 37. 12. 6. 6. 9. 13.
    35. 45. 124. 43. 39. 73. 5. 6. 11. 36. 16. 37. 56. 124. 72. 50. 15.
    2. 7. 10. 2. 22. 31. 32. 104. 29. 34. 6. 11. 22. 17. 3. 10. 46. 27.
    20. 71. 84. 10. 5. 16. 8. 6. 97. 35. 60. 2. 6. 14. 2. 25. 124. 40.
    1. 1. 6. 41. 19. 13. 21. 23. 23. 21. 10. 1. 6. 29. 118. 118. 14. 11.
    18. 3. 8. 6. 85. 118. 114. 26. 12. 4. 7. 29. 12. 45. 76. 12. 4. 21.
    118. 7. 13. 56. 33. 15. 16. 0. 4. 18. 37. 59. 71. 46. 36. 5. 4. 118.
    71. 54. 19. 4. 3. 7. 61. 118. 65. 20. 9. 2. 2. 15. 118. 7. 8. 67.
    46. 2. 5. 13. 11. 33. 16. 27. 24. 18. 27. 19. 19. 118. 111. 32. 3.
    4. 13. 10. 19. 87. 118. 106. 8. 0. 0. 0. 10. 5. 5. 4. 15. 7. 4. 12.
    15. 18. 32. 7. 8. 5. 6. 4. 7. 13. 30. 15. 1. 4. 18. 12. 9. 112. 50.
    27. 0. 1. 2. 10. 44. 2. 11. 32. 14. 8. 24. 45. 10. 12. 11. 21. 23.
    28. 24. 4. 2. 30. 9. 9. 5. 9. 20. 25. 27. 18. 14. 20. 7. 17. 46. 25.
    7. 11. 24. 26. 13. 40. 124. 72. 28. 37. 19. 21. 31. 59. 82. 2. 4.
    124. 30. 6. 2. 15. 34. 37. 79. 17. 6. 4. 7. 112. 124. 30. 15. 7.
    124. 79. 31. 42. 46. 3. 3. 37. 20. 36. 84. 103. 91. 4. 10. 124. 115.
    29. 26. 9. 8. 2. 17. 15. 20. 43. 124. 78. 52. 0. 0. 2. 64. 33. 40.
    13. 1. 5. 1. 22. 19. 28. 82. 31. 1. 6. 9. 53. 101. 24. 22. 4. 1. 8.
    13. 1. 13. 23. 100. 31. 7. 8. 1. 13. 11. 99. 55. 14. 17. 4. 14. 46.
    47. 44. 28. 22. 16. 2. 1. 49. 45. 8. 11. 83. 33. 0. 1. 10. 17. 5.
    12. 59. 20. 1. 1. 14. 26. 24. 19. 48. 22. 5. 15. 34. 47. 18. 42. 75.
    18. 5. 5. 110. 80. 8. 14. 38. 39. 17. 15. 8. 5. 2. 13. 41. 92. 80.
    20. 16. 11. 10. 17. 72. 20. 15. 31. 29. 6. 3. 6. 29. 45. 110. 96.
    110. 27. 0. 1. 1. 44. 90. 78. 60. 9. 0. 0. 0. 38. 110. 110. 18. 2.
    2. 6. 8. 9. 46. 64. 75. 17. 23. 7. 6. 35. 62. 110. 53. 13. 32. 17.
    37. 108. 49. 46. 110. 41. 11. 4. 2. 2. 6. 106. 15. 42. 61. 88. 51.
    27. 16. 9. 8. 40. 100. 95. 59. 44. 7. 6. 76. 45. 61. 48. 37. 33. 8.
    35. 31. 24. 101. 111. 28. 6. 4. 12. 33. 30. 79. 111. 6. 1. 2. 11.
    109. 38. 31. 18. 11. 41. 27. 37. 3. 10. 35. 43. 111. 111. 21. 6. 11.
    3. 41. 46. 25. 13. 8. 62. 31. 20. 17. 11. 27. 39. 18. 21. 85. 97.
    95. 27. 6. 4. 2. 12. 6. 16. 64. 111. 95. 25. 3. 3. 40. 40. 12. 15.
